chk=H2O.chk
basis=6-31g

0 1
C   1.21773989   -0.70306245   0.00000000   
H   2.17299146   -1.25457720   0.00000000   
C   1.21773989    0.70306245   0.00000000   
H   2.17299146    1.25457720   0.00000000   
C   0.00000000    1.40612490   0.00000000   
H   0.00000000    2.50915441   0.00000000   
C  -1.21773989    0.70306245   0.00000000   
H  -2.17299146    1.25457720   0.00000000   
C  -1.21773989   -0.70306245   0.00000000   
H  -2.17299146   -1.25457720   0.00000000   
C   0.00000000   -1.40612490   0.00000000   
H   0.00000000   -2.50915441   0.00000000   